,UBB,HIST1H1C,UBC,PFN1,DAXX,HSPA8,HSP90AB1,UBD,ACTB,PCBP1,BTG2,NFKBIA,H2AFZ,GADD45G,CDK4,CCND1,H2AFX,SOX4,TRIM28,TCEB2,APEX1,SOD1,NOP10,CIB1,HIST1H1B,PSMB6,DDX5,HES1,CALM3,SOX9,POLR2I,HMGB2,C9orf142,COPS6,POLR2L,STOML2,CDKN1A,CDK2,ZNHIT1,RASSF7,POLD4,TNP1,GADD45A,CIRBP,CETN2,SRSF6,GPS1,RAD23A,PUF60,VCP,UBE2C,UBA1,POLR2K,NHP2,YBX1,POLE3,SNAI2,MVP,POLR2E,STRA13,HNRNPU,HRAS,POLD2,PPP4C,CCNO,SDCBP,MRPL40,POLR2J,TREX1,THAP7,KPNA2,KAT2A,TINF2,BCL3,YWHAB,ZWINT,RNF113A,PER1,AHCYL1,FEN1,POLR2G,CCND2,BRMS1,PTBP1,IDH1,ARPC4,THOC6,RRM2,NDNL2,UBE2NL,POLR2A,NPM1,PCNA,DDIT4L,POLR2H,MDM2,RNASEH2C,COPS7A,MTA2,RECQL4
UBB,1.0,0.26331026911668814,0.24117736222969802,0.29594356040770625,0.12934199967492982,0.16284039250668433,0.13956667196735376,0.2849481624234712,0.15709700056140527,0.3002398883700746,0.006321571424463197,0.061267165321437424,0.02317575836740751,0.32293513212812286,0.07705616433476939,0.027973541050019146,-0.004093085482222666,-0.20187227063751662,0.0317761661226993,0.41480681667138763,0.10171900984434934,0.5754537056433253,0.4216895826168183,0.3725124884766496,-0.035880274083347125,0.5368501759512245,0.05125645908202053,0.08686345748861027,0.3052984359358571,0.029976639734809,0.3278295526965307,-0.20810489568644264,0.2515072726446186,0.42914451846010027,0.4375750338797144,0.31178351489851786,0.1919519919434591,0.028018853297880682,0.5214896346301786,0.19301432049169734,0.4313664051968649,0.011873442445834015,0.23029965601509053,0.2913756439483609,0.2569844374751494,-0.03826454013189207,0.413766902942484,0.27940515076547834,0.3020156000422791,0.19299729522637402,-0.16641308763938795,0.09906488109036111,0.24096199516543843,0.3720335402333765,-0.002200553912504907,-0.06193823631745459,-0.0630653861390342,0.2458810796536595,0.5443109481367018,0.35355966526831667,-0.16591884528668818,0.17982586780657642,0.29466836070337726,0.2621724346417572,0.030811122340281553,0.14674918724183442,0.5180491894523455,0.3846932833967727,0.24613717702601082,0.34401214321280477,-0.19938253316517993,0.029244526163831837,0.19619954133465264,0.03052213985583835,-0.011396322080874077,-0.23186798277775372,0.42572796251783385,0.1942029781600906,0.06018493192881232,-0.07626153405545884,0.3576140780966291,0.042932546563108825,0.24543715600730964,0.025022736096233622,0.25225821535049564,0.34508080300113014,0.18181893454230583,-0.2045761286412668,0.2941266282258013,0.05920999437578675,-0.04916404020822496,0.12577354327839155,-0.07970380698249584,0.04502274131870613,0.13407970706978403,0.04241123118829562,0.3685944517432883,0.38485052855693125,-0.13966245562429924,-0.046041640934009226
HIST1H1C,0.26331026911668814,1.0,0.21063768366541696,0.1100753946640614,0.15016521310369227,-0.05136337689310408,0.11173996710197895,0.20912559632227218,-0.026015353993488297,0.14722258328905824,0.0020949598325893217,0.06408185222925321,0.017426432764603927,0.269407530689934,-0.017828214935006848,0.039682009120772264,0.04583158912106675,-0.10000803888888272,0.06312229540847954,0.3412186849121114,0.050182723162395505,0.37453046907804377,0.32903702346670133,0.3135728076274708,0.1458339708796573,0.3208174483835309,0.0376456227977095,0.12944419890628614,0.022300805362264496,-0.12214873367556331,0.21533688941432255,-0.03310591405876744,0.2722719894144227,0.22428603604968086,0.3280022608017994,0.17522250913206772,0.031172028120928116,-0.060364353225229206,0.4128258216609528,0.26372560325710015,0.34348904831508703,0.007971159935441683,0.05927421366144156,0.16039994865831755,0.13500563227471876,0.08236467119594387,0.3037882146406627,0.2315473796393617,0.1757976158093734,0.13926960322263263,-0.03779673619602085,0.03050266390579843,0.19608307036766387,0.2435616747947459,-0.029704560299654355,-0.031656297123959294,-0.02985733290839183,0.021900223327673937,0.2515766568525399,0.3881549194339381,0.003495369589993582,0.21387808004159417,0.23592062931624036,0.20325648142578787,0.041982188393492825,-0.03447089891001213,0.4065178626807236,0.33478134615543553,0.2930289821551279,0.28341128179929875,-0.041288590807960025,0.04240683604961975,0.0789942586753805,0.09227017420371787,-0.11962760902798439,-0.04576720628055453,0.2790198659552217,0.04779605622558457,-0.08279498707488324,0.009669717211679384,0.15840804120761773,-0.10803923888796368,0.23316700829047748,0.03435386357717048,0.28348931230162655,0.2262380532613326,0.19883858776611185,-0.05654253230115933,0.09641302248500566,-0.008798103978475675,-0.11773979379087486,0.1466586705747798,-0.004184392644699505,-0.013621454519253251,0.24098405325234032,-0.001848096412551177,0.2664804991877206,0.09138288415280797,-0.01629079394338921,0.08651201875403698
UBC,0.24117736222969802,0.21063768366541696,1.0,0.1726488451161434,0.15209416209485685,-0.014953178271316732,0.04219947955359876,0.10970716840499274,0.26518182662947987,0.37575607565432406,0.06719488316539896,0.2427748304736423,-0.04477106382429166,0.13043824349503816,0.0040314356476514185,0.192883479889807,-0.09634041674597543,-0.20816772222385643,-0.028669826258915062,0.30813180265937795,-0.06321848518244444,0.2716075344331277,0.28428757552627704,0.31145024798432397,-0.0338710248671004,0.4082875791985799,0.0991698256551564,0.09144530784378765,0.21010108742440142,-0.06252626266069239,0.21722354556535636,-0.16053326109158192,0.18321403880758272,0.3309225478964501,0.2841456079537703,0.14471307576991815,0.38374766225518564,-0.05805319053228153,0.30799325404702255,0.14884566673571978,0.2629194976052081,-0.0026088994830288457,0.33220009045359233,0.22135344631909898,0.2250943031981945,-0.1542434065653841,0.1991266912579757,0.26077829899191013,0.13018279251501333,0.22691215173721338,-0.1965213719029355,0.06462460080493795,0.040898550146106695,0.1649657117214138,-0.04407302593458934,-0.060072457246015974,0.10371363732571702,0.350153741337646,0.3502904621444219,0.10044678169126474,-0.08969746494213338,0.3774866835577573,0.1964699023475075,0.2157012439341642,-0.027984939182824423,0.038964192544549456,0.34748378879710023,0.2647456005126796,0.21177738389251524,0.24604190833997816,-0.15503737216906516,-0.04813300505507966,0.29759733162468016,0.08385158255658422,-0.028365398714016422,-0.23401819677787952,0.23836126325464105,0.30196527468424483,0.09992096645021863,-0.09103107768425213,0.20296845613530862,-0.020936741273963663,0.32907971274178827,-0.008188002291281457,-0.011128860114525798,0.304953467179797,0.2415552768446862,-0.18437186440641576,0.1632969970259038,0.10823573292659532,0.03395657368582805,0.19346449810162342,-0.12734204566074034,0.1377781216702633,0.12266669687037135,0.042118486629743664,0.24650904952076425,0.3206739853782232,0.037609023254825014,-0.0957780075254096
PFN1,0.29594356040770625,0.1100753946640614,0.1726488451161434,1.0,0.27356730221727843,0.02120352667801508,0.14241396278741422,0.154151273802587,0.64756304261164,0.3585443463981247,-0.10935263917178015,0.08756000803682236,0.3119644463781957,-0.021382781299266202,0.04381531222514835,-0.04752345444059118,0.4896887374476088,-0.05023365915398525,0.4562024737503129,0.522038701943036,0.21651747635133836,0.16231506704109555,0.5438210452676356,0.39855983709398735,-0.050714474298487904,0.6137304052540122,-0.27225825136981674,0.11480329584467472,0.08336817791512427,0.01807405590115341,0.5493433760988864,0.11656478406732391,0.42176943597682687,0.40784012509228956,0.5449878993824088,0.4454863980111255,0.20219874252396655,0.0701049603025351,0.4151144829844956,0.40375965668925784,0.31746616108891873,-0.005272231049276695,0.03354551731465399,-0.14126560881986316,0.11707255720278417,-0.17804807516713902,0.4336031997352391,0.38147452635506685,0.37561492230219606,0.2076175683622107,0.3522483023638721,0.31799953897295785,0.13119876812047804,0.5228989077594925,0.3729116108279587,0.054339119982476265,0.09783002910185559,0.36156120213862825,0.47397344357027055,0.3464468163327566,-0.24703489277761953,0.40291559258384424,0.4543563698440481,0.6273881725448419,0.163918930957406,0.041092071579923554,0.23251374721942808,0.4339581372438658,0.3621680848774496,0.2823975719084773,0.22178823262363315,0.044213416236477246,0.00523901514391968,0.32243630362841197,0.037687181953107246,0.1750562982240939,0.3734233325323756,-0.0918553586796513,-0.22188355278355762,0.2692384916030675,0.4114831798510639,-0.08187654439694993,0.4643932392403526,0.4703458771087401,-0.042519932173447475,0.49618443702245835,0.5329719203782718,0.19634539768866932,0.0463927260252765,-0.10272376832210924,0.023139772866625115,0.14018729618494283,0.19520853388407947,-0.030029219853107133,0.43230733888456385,-0.05980898639780926,0.339524431919737,0.12944368605511367,0.30931142425304875,0.3626934886987766
DAXX,0.12934199967492982,0.15016521310369227,0.15209416209485685,0.27356730221727843,1.0,-0.07239938862196735,0.29467846297198863,0.1282843942486402,0.19218503460830566,0.1876232024077671,-0.0620592651447236,0.025542921392112276,0.20500091855985636,0.012299320909895495,0.03430658251559664,0.02952579294667582,0.13237853242550712,-0.01744116854053567,0.22864980514575142,0.20242583810915887,0.08644276179009346,0.17538655501181857,0.18656698514265982,0.11631491392966332,-0.06577074991633627,0.24743263479287714,-0.12383667156064429,0.02105082888886612,-0.016812550946381444,-0.09888882423602745,0.19801971910398342,0.12305919009048531,0.209572488928011,0.17905025160963348,0.2302167925596095,0.19526409290526703,0.06594042556912004,0.12502361115745503,0.19455251062221504,0.09705545366548672,0.1630994153803869,-0.0016826379250928615,-0.02992731780190488,0.017189703783046913,0.0209532905185413,-0.11185643794611377,0.2453689281042035,0.21489782172131452,0.2286025110648213,0.12886486922520346,0.12155767270381591,0.06634024190219424,0.022475315970776243,0.2548129678150164,0.07474086436413017,0.05194168467435668,0.13816484825931663,0.06088334959659256,0.22568079212180525,0.18861082118915926,0.02438707883420815,0.23418531965909894,0.23884312755591708,0.3213573748906605,0.03367868610685462,0.06124565660249783,0.12101488770970652,0.169132838715016,0.13785746707593147,0.17980206796533355,0.12661006385468637,0.04405291251189064,0.06705097707678842,0.07766400236231082,-0.07307148296488859,0.13943870957070298,0.24949111734852975,-0.12267778199202539,-0.11213461694352764,0.28477045482466923,0.20894254201662424,-0.15495084345576846,0.30495647938574844,0.18591397987516944,-0.03632240062015763,0.27181575329738444,0.32382622851888115,0.052076100052770996,-0.04586875652549603,-0.05398785506014186,-0.042360821286545426,0.09380717942055035,0.14625164963404494,-0.0731642274990314,0.2174406577491867,-0.047447890531911126,0.13779483876780707,0.05210778635954892,0.23713774007942093,0.18589644549826678
HSPA8,0.16284039250668433,-0.05136337689310408,-0.014953178271316732,0.02120352667801508,-0.07239938862196735,1.0,0.18632852304431488,0.05854966438060282,0.038785467756627987,-0.07233915477163162,-0.08717202037362447,-0.07201334076689464,0.10305816033850955,-0.0005814622838871833,0.03427127995217467,-0.040182742142016004,-0.056215076822070054,-0.19467156653529827,-0.019466466272892086,-0.05752137702653698,0.028396135524396304,0.05061807385034748,0.08478683668129028,-0.03585297413614354,0.10932278220645236,-0.005564131767281613,-0.13278579550105676,-0.22800350819333082,0.13820351997805536,0.0323594427331004,-0.12610164924967673,-0.1760683616777571,-0.21498633699122274,-0.024950411319107864,0.05632719672151925,0.18181509179988703,0.0011246576767224574,0.08344454518646711,-0.04745142563736728,-0.12587240942496175,0.050678743199021346,0.004228526199832781,-0.03907040958829907,-0.1825030559110235,-0.11573091840624265,-0.1751788551340946,-0.039731328737455884,-0.13661280021989872,0.14824554633611473,0.17214449354802736,-0.046131824188679706,-0.005249899616471882,0.05756794033177959,0.050894298101398554,0.07614043912131536,0.19634992595451492,0.06800173115841802,0.02139069263233861,0.012237867940748577,0.05730736245308838,-0.03711727712021416,-0.06380768778392842,0.09239304214416345,-0.029037243894778523,-0.10389522751291436,0.1341425798443707,-0.12419932399356441,-0.13779104586185922,-0.14305484748357084,-0.11954787466661008,0.16992652844081926,-0.2010488608525327,0.15071791239959317,-0.07477095596609254,0.2258059019308221,-0.045048555521439916,0.02562710716100851,-0.14557737324572684,0.046236789564583415,0.06326072090166114,0.09206059304901143,-0.048968657682879974,-0.011228477831862512,-0.07760575258599513,0.08556686148356832,0.028812165974732216,-0.24009411842935505,0.14242599988939864,-0.06592834884401567,0.2541767403341514,0.016175949338934226,0.12382985514277504,0.020013354531132874,0.008383740300882318,-0.1141949319594543,-0.014349079821461353,-0.044034515657655704,0.08050046939680035,-0.05262465449171746,-0.07026744911058884
HSP90AB1,0.13956667196735376,0.11173996710197895,0.04219947955359876,0.14241396278741422,0.29467846297198863,0.18632852304431488,1.0,0.08944764464208169,0.03274459909158685,0.1590675285601431,-0.09180100997674685,-0.06171713023078116,0.14963940214286445,0.040491334313916855,0.028159521308212688,0.04310436838413826,0.04438963489272828,-0.026118404642185976,0.18903071944985092,0.11971450208931549,0.13194226533989165,0.16334902066557858,0.12601784689065204,0.08162010609152469,-0.016860094130524524,0.12265291311110721,-0.13586739195724507,-0.015361569229924665,0.04047250830630893,-0.07555272803082294,0.11147542998739968,-0.05055530304691573,0.039210673661313006,0.14182434242883715,0.1404150676952493,0.16333210359910824,-0.015276948351674334,0.20716438583215085,0.10002907219730979,0.049605180084838094,0.08301031653427336,0.002796070081969529,-0.08698604560341326,-0.03820080555402752,-0.0014379153974663755,-0.06545401270555967,0.2138206751622941,0.15065530731234478,0.28006117127626373,0.15940902462024067,0.1081160107264374,0.11498160064260808,0.1460611327696446,0.21141277649523849,0.10119159797205834,-0.008935252097065171,0.10527645830861687,0.042536749061064465,0.15931379960167116,0.16699861393476476,0.09513367462118712,0.08097766384449477,0.2123432723910691,0.1281828456291638,0.04045220104098478,0.23490377687331107,0.054746901991211225,0.0815014842606519,0.029249045716327377,0.07886303856928116,0.14709318983871691,0.0013071899738770429,-0.056892690651300266,-0.0035431571079781944,0.06043531086608712,0.03950981717995955,0.1627625111419921,-0.13768392135339375,-0.14495535900119763,0.10230752124760356,0.05038382565575047,-0.1282652168678341,0.1536262168650713,0.17364936579574777,0.09481271913338525,0.10828064164074445,0.1204713535722321,0.028444897981161923,-0.007644592805009522,0.0005208648516208145,-0.03978207211638976,0.24722801723563842,0.006356287020218305,-0.03605097395778743,0.12443654202726424,-0.041875113806608556,0.040486795991487634,0.13739996220935785,0.011900436316018989,0.15587131582990157
UBD,0.2849481624234712,0.20912559632227218,0.10970716840499274,0.154151273802587,0.1282843942486402,0.05854966438060282,0.08944764464208169,1.0,0.06362331554638943,0.20120445323739086,-0.0868708378492925,0.07881962970712092,0.040975348507724475,0.10463685425200722,-0.01586076129416339,-0.012382100577739126,-0.0004024493370719188,-0.12861920889424086,-0.01618311205672741,0.10729188177146991,-0.009295761527521268,0.3951865446775766,0.22289972052386053,0.12055922556159393,-0.003703036679735006,0.2002232079652794,-0.05275854631422656,-0.027700499752462235,0.045914601665182006,-0.007543721719909956,0.06856498974722806,0.010400705388832273,0.084147274779676,0.08947947478082886,0.1376205104711336,0.16563651248865907,0.021022550556551868,-0.028779859895265297,0.23187139562022782,0.1271992908101105,0.29679465795697446,0.06943916380704654,0.0742083788040515,-0.08407602217022132,-0.03346075730151396,-0.060510028892730605,0.12024099159003895,0.11291527199955698,0.19746154283435705,0.09456355255050435,0.0030829583002569775,-0.0453390287278133,0.20569370837859602,0.13255373736193482,0.04011760691610941,-0.009724442795863406,-0.03518608266968007,0.10781867909039096,0.19539143205528728,0.16178354266865205,-0.0026459617334472873,0.019553130547225427,0.06832635920113163,0.09124665470074851,-0.04772837773089984,0.042157607340063845,0.1897029693531881,0.10501043996145933,-0.007199453096455179,0.06677335635597985,0.0070036299039127154,-0.0011538536839396463,-0.03983319259813659,0.1402329455163408,-0.04106113545517361,0.009519718393905391,0.2789714522686028,-0.02214843861805043,-0.06799783005034928,0.09480344567285416,0.05242324563768673,-0.08751916762034079,0.10802262725024835,0.09076707896711242,0.19252052627671462,0.09218420366562899,0.0570257831855832,0.05279840689649839,-0.01697669710102142,-0.03674138399962171,-0.11935138731844858,0.13201115850703107,0.08219931773851946,-0.016042187364320726,0.08655443059248452,0.008350560603852522,0.06710187296319421,0.02901489249334291,-0.04178284711311404,0.06679107812021653
ACTB,0.15709700056140527,-0.026015353993488297,0.26518182662947987,0.64756304261164,0.19218503460830566,0.038785467756627987,0.03274459909158685,0.06362331554638943,1.0,0.3421466969792041,-0.041335261513289756,0.128983431420113,0.18168573869956195,-0.04790748971340991,0.05408934456745827,-0.04550563983700753,0.2938075152676592,-0.010913104845882309,0.32845554282402245,0.3425550717034559,0.035199328902956725,0.033291934202325596,0.31912111735217336,0.2565229104827563,-0.03994268225822535,0.3143083806771905,-0.2174974292946311,0.06654350630852435,0.11420438121986841,0.12366025878120933,0.3841852171662661,0.028853269365185286,0.2103709191336117,0.29955196755165425,0.3379129148132448,0.19909601944320643,0.21391465683511404,0.04860208315033696,0.21710255582487467,0.18076418470975875,0.1874188403235926,-0.0072086855290694404,0.1033583423170123,-0.1514037471817098,0.08216359615920707,-0.2520622906039034,0.22114598640462743,0.22497697993216237,0.26209392826450073,0.19523518381735536,0.2022136223555248,0.3086930904086613,0.04929654766587488,0.2725654757956186,0.26391500827755787,0.012839712827328298,0.1638119857723417,0.36043665775643924,0.3033092222551292,0.11025655965247115,-0.1833362778767552,0.2912745369952747,0.3137107646527275,0.47974245127332804,0.11201891615501197,0.06779286626977517,0.06327770624430389,0.26019814501535604,0.22981820237530118,0.14653973725122535,0.1567762406388979,-0.05063383614783608,0.05217021876049408,0.29430915842208,0.11937986583413994,0.05757833287307175,0.2209304161574997,-0.03095066873647822,-0.07134508551550281,0.14929579249073785,0.28517819634163555,-0.01124215493399685,0.30419274383616307,0.36308957407684317,-0.11898039579889141,0.3666165979414076,0.33274284661858783,0.1420905702500356,0.042902479561141786,-0.04044405716225548,0.07472085890038081,-0.019719220029046764,0.07608931121388243,0.005736420322135702,0.182465277967627,-0.027586565273895077,0.1635443737038163,0.13313196661570817,0.2802882662735631,0.20260620145299565
PCBP1,0.3002398883700746,0.14722258328905824,0.37575607565432406,0.3585443463981247,0.1876232024077671,-0.07233915477163162,0.1590675285601431,0.20120445323739086,0.3421466969792041,1.0,-0.051406808293176065,0.1587126926443252,0.04700334887160343,0.0440621498040504,-0.028839981958404672,0.15632508235985798,0.025348719184815172,-0.16080202845644978,0.17953956918409752,0.18213601068341018,0.14188036820823816,0.3088767896060478,0.29080828162717093,0.23967200440311656,-0.11414837651194712,0.2812615101386056,-0.07440236428084357,0.15629466071656245,0.0908302506708198,-0.06637726017723632,0.2768962964223121,-0.11019797161188302,0.06346449983784332,0.24620005970355874,0.23622490399531074,0.2496395917210426,0.28097754725363877,0.08048555791951222,0.21344445229326006,0.15749437268019675,0.2218872633942907,0.03574965050963404,0.2536685175169945,-0.0352199385032575,0.09770350705364625,-0.1403869156803565,0.26742111956148845,0.30791775226822005,0.19783392464584332,0.23332446039101426,0.012033143188421374,0.2293783881041928,0.09428535713290956,0.19957423809347233,0.13626630861106018,-0.07822737315425266,0.07443529064167234,0.3682365945667846,0.41922705694770057,0.12397156524866752,-0.0565401855979436,0.12613056872921768,0.19996574763810784,0.2880747057088614,0.07806830337088155,0.08095269533516229,0.2958703562378952,0.15370826698271509,0.1340469332334631,0.1633998563247414,-0.030801858571809112,-0.10631866543252061,0.1022019383421208,0.20592667322496067,-0.07681868734700516,-0.055705319147833145,0.2596268371186872,0.0845930029819702,-0.1326757872030233,-0.013181152028796845,0.07829759577389912,-0.11380519178561545,0.16493418132492343,0.3058341992098265,0.13073664406760352,0.1483351515876722,0.2712724201531205,-0.050937075975198656,0.2297397654433884,-0.010642200022451455,0.07872843460127905,0.2017448643532009,-0.0502114125550306,0.07620062435583204,0.1510523430687039,-0.010554975814424893,0.042281126967363344,0.2564001266911961,0.03401234381958692,-0.002652749217574877
BTG2,0.006321571424463197,0.0020949598325893217,0.06719488316539896,-0.10935263917178015,-0.0620592651447236,-0.08717202037362447,-0.09180100997674685,-0.0868708378492925,-0.041335261513289756,-0.051406808293176065,1.0,0.07046155216422798,-0.2147432227148679,0.11044652770000225,-0.04105186992205682,0.05638926505691963,-0.14834116512967227,0.04479031094650105,-0.08742313989256173,-0.03835644577572214,-0.032060470581711555,-0.08057135069405948,-0.08051905022830239,0.04740221217163184,-0.026364738837459198,-0.0605648941258034,0.24572379182054016,0.25699644968406976,-0.024969856125779104,0.08152505183304853,-0.06089449310838225,-0.11502836805914118,-0.012191467208300565,-0.0734504136490085,-0.03371316533306905,-0.1347729358721621,0.11031042207348826,-0.12535601378126404,-0.06917440556669226,0.0031513920524230635,-0.0015403752997317605,-0.00698195312399449,0.02909299281477736,0.2487847534889723,0.05037331549642779,0.18968478862224467,-0.0861095458107022,-0.11562294560928499,-0.1284343472088137,-0.01876985300268946,-0.20517274041405661,-0.023158276940385466,-0.07853749091427173,-0.05678944786383103,-0.15459231351912936,-0.15065898179087006,-0.08619118970760199,-0.032115765159127084,-0.0764116770935988,-0.034257744699164615,0.1409038525961162,-0.05078421722250625,-0.15112316752694616,-0.07587619069911213,0.05343748088856886,-0.11442650966967981,0.015035216575649697,-0.059872211269869066,0.05253965109503364,-0.004767525626964044,-0.23410625515947828,-0.02909506738876287,0.12331211826621116,0.02766403305857801,-0.013654047576358443,-0.20580092892748958,-0.060223387250583,0.18146353919925912,0.05340566587541984,-0.23296050444379132,-0.05682453088924437,0.07666704002371408,-0.06831575282251831,-0.09890758771124615,0.07193079679932372,0.0025553090400568432,-0.04403702003915957,-0.22376250846756585,0.10810032259393633,0.00706816083345668,0.1044917948065341,-0.04046046602229552,-0.18248102516278406,-0.01099805079309646,-0.08535059746285935,0.01722107324695476,-0.015549743822693286,-0.0031753842346151193,-0.0576144390128528,-0.16227840608632474
NFKBIA,0.061267165321437424,0.06408185222925321,0.2427748304736423,0.08756000803682236,0.025542921392112276,-0.07201334076689464,-0.06171713023078116,0.07881962970712092,0.128983431420113,0.1587126926443252,0.07046155216422798,1.0,-0.0387831139748828,0.07024171839318893,-0.021847086803511336,0.02522511823338156,-0.016522811118908402,-0.055936491458754456,-0.043264498350160406,0.043883870731589586,0.026810784205659972,0.09138025705608231,0.09996556490878411,0.09354968057798758,-0.006913773685974214,0.10882107330304668,0.08290324027918014,0.05381111515201959,-0.01592338376085042,-0.06457184020392895,0.038213531379595815,-0.003381966737017382,0.041086929276258545,0.05737538315887707,0.047596521968013485,0.03670243049926877,0.15049567960358973,-0.09777581756408742,0.06788355473637757,0.0667189186351208,0.09426734629839939,-0.006610934213518061,0.17973309598863926,0.027725648409196172,0.10280339791332696,-0.03257209689614091,0.026364279654849672,0.06318199754870762,0.0231999416385164,0.038026024594681004,-0.03706836861121061,-0.011385849164647572,0.05628828024913463,0.009131675592856265,0.002393818367465395,-0.004589328642136242,0.059317713337742856,0.10455164500252864,0.06486455927100646,0.02736094731431517,-0.05183830033172528,0.08840839034420285,0.02737090072337464,0.08139124986754366,-0.014604176035070011,-0.05636787404420877,0.05787629639775036,0.05722979077012872,0.06685863859380956,0.037073122689097494,-0.034926985468880935,0.005049504859953348,0.2115468504054257,0.14679524325866955,-0.06260325791452963,-0.06318698194504295,0.05508552223974982,0.20734275642059213,-0.0009778844353844321,-0.030038519094240084,0.06674574359598505,-0.052964669172831706,0.09580116768332754,-0.0054638386700296285,0.02300367173187516,0.06812662234685353,0.06943340169476694,-0.0417134289743133,0.0648830885491096,0.04332571943410212,-0.02243100179770988,0.021912431795934537,-0.020222447641966925,0.06092806293498008,0.055996657687271974,0.005466455169042297,0.0570891996221339,0.05379419679785054,0.05809192465352177,-0.041609008675493095
H2AFZ,0.02317575836740751,0.017426432764603927,-0.04477106382429166,0.3119644463781957,0.20500091855985636,0.10305816033850955,0.14963940214286445,0.040975348507724475,0.18168573869956195,0.04700334887160343,-0.2147432227148679,-0.0387831139748828,1.0,-0.09113649199797698,0.11982849516763949,-0.05610523266911605,0.3697528328675326,-0.0826485729213865,0.24961207672368685,0.1874445853136651,0.06823358819167169,0.0453904178629717,0.3300471813532642,0.0930941837479326,0.018057615017565875,0.22676020615352113,-0.26371381785857784,-0.04659066650230555,-0.05607654299837578,-0.1502617140821811,0.1710627263580844,0.46402324521219807,0.17652528066905854,0.1594700918179731,0.23406924833915235,0.2993146194229497,0.003201604667772066,0.4181600012176908,0.10682256342638567,0.017416397525387067,0.024012362740032933,-0.0025524492537798405,-0.08442881982036149,-0.27375735650760435,-0.04120918643038517,-0.20616462791032297,0.15125003008327498,0.19959517526616358,0.2057620952454333,0.0652223204014339,0.4305886670820925,0.020185009738832863,0.13833426553978542,0.25602686675221836,0.23348121977581604,0.3007832651709648,0.19547549191526722,-0.05340329493705183,0.14900864120457016,0.21234785220109534,-0.09977799725559157,0.22977910833313028,0.2908285950500445,0.2808422293744723,0.06568249273274143,0.24873624230617805,-0.008696491503019385,0.14359734063859814,0.0999486522246226,0.13098672852043927,0.5123098117916021,-0.04487479089902033,-0.08919277570748277,0.029403948331973705,-0.014601740147859204,0.5524490301245067,0.16883719771567984,-0.2775174610951348,-0.20496860738924574,0.5889718892657769,0.2807440858394255,-0.20238467933076262,0.2621066104271799,0.21831496223454866,-0.037857114060609695,0.2394068583919142,0.22456207879487436,0.4794777456796149,-0.11529398813344369,0.10935726636646745,-0.12331002152545965,0.18505864030229924,0.5345296314368181,-0.035992511119707096,0.32131888081560106,-0.006361237761252116,0.11075421298289637,0.0050805891869331,0.27446430672558253,0.3691484354773345
GADD45G,0.32293513212812286,0.269407530689934,0.13043824349503816,-0.021382781299266202,0.012299320909895495,-0.0005814622838871833,0.040491334313916855,0.10463685425200722,-0.04790748971340991,0.0440621498040504,0.11044652770000225,0.07024171839318893,-0.09113649199797698,1.0,0.017309256927430565,-0.06217994060999882,-0.027250652435342516,-0.07395628373491188,-0.0015702263872300348,0.24435472575246495,0.04882984015600705,0.40391865731320775,0.18843977719392419,0.262158451807722,-0.019689796492031363,0.211270679748976,0.09953030194543003,0.032338241702818765,0.144190932804723,0.02335169533965543,0.18084825791578965,-0.13835087067084054,0.24685738707767216,0.20707869751999441,0.21729527290947803,0.11863296552247013,0.019841849898228736,-0.09296078919290732,0.3200404988314866,0.1730351726447874,0.2952647671185831,0.0016289584913852123,0.15664509022567308,0.36503886373479755,0.06389467612463653,0.16065092178522247,0.27964826536533616,0.17478364825486883,0.15360378023341129,0.13768981767948776,-0.16192185358230202,0.017987919231917927,0.1036995224227762,0.19673641836629943,-0.0866732147455178,-0.07549734532172833,-0.08515320192625304,-0.04103652872010776,0.28154977172308465,0.3897894685547365,-0.05500189004324545,0.1411535289425444,0.22085919406138174,0.06630852430120483,-0.004482149367952636,-0.02152750047675568,0.2996852528135164,0.2428573245260974,0.3315520413967833,0.3110231390305006,-0.21674770782033828,0.16476166429351313,0.1594092568012988,0.03834736093984254,-0.13067705314260547,-0.1956183294339972,0.251377612822317,0.21869579483088117,0.0976445098305707,-0.08036868079636414,0.1564100078101947,-0.001976838821442916,0.12789929071808084,-0.07387137666759049,0.2736432864647089,0.12449674160321102,0.0775039797088574,-0.19364184180352906,0.13875391443882426,0.009278257872581302,-0.09968033956088754,0.0214829788028723,-0.1367680390265961,0.0044260745323850825,0.07342895055583704,-0.014107144569228304,0.33879679775818466,0.18039368617535656,-0.02838951860031261,-0.010888870978547778
CDK4,0.07705616433476939,-0.017828214935006848,0.0040314356476514185,0.04381531222514835,0.03430658251559664,0.03427127995217467,0.028159521308212688,-0.01586076129416339,0.05408934456745827,-0.028839981958404672,-0.04105186992205682,-0.021847086803511336,0.11982849516763949,0.017309256927430565,1.0,-0.04221632564843227,0.11622274307860267,0.0419870758667909,0.06653355574466191,0.08236820261249603,0.07806866125762704,0.00414800016878619,0.07634533783181259,-0.010549210793615423,-0.006409039550524274,0.059502236473750386,-0.06892504305675021,-0.033893550801731294,0.02889530984702405,0.024808687383000516,0.08604831351756453,0.05252211094148199,0.04905399756040674,0.10443055564146128,0.05629097330305049,0.08951926281236411,-0.023202883885219943,0.05767167179242264,0.06366142969052321,-0.02453414882502224,-0.012658597505922006,-0.0016555721550263187,-0.0022235601605421844,-0.023460848936494784,0.03352509557802503,-0.04424144326103788,0.07987517066897268,0.04839242675638351,0.08315480001564517,-0.021567794262018124,0.0857481939915951,0.01900499070181246,0.03663356346635181,0.10476488090188486,0.11401540508877007,0.10560298556344379,0.005452833218391645,-0.03677149774839512,0.050040585141888416,0.049622814777265885,-0.08091507758282679,0.035965427040229404,0.09802259809617492,0.0763522776223728,-0.010457784659253939,0.026842568269275693,0.024865182915286436,0.10367810033931427,0.024686780473782168,0.04234348656348022,0.06837574254272367,0.012690585734094303,0.03052606111073837,-0.02248871498191498,-0.0023859790298958157,0.036704342014956814,0.06538418516880917,-0.02346865663175179,0.024010949433746456,0.052792452163613786,0.17027487676127812,0.07923448303995308,0.02315641878269158,-0.00907933367335297,-0.017205225696543848,0.06615314504128783,0.03153753967093118,0.049618272938128635,0.04382057914761709,0.060441226608261046,-0.04671375595579635,-0.0013942651851188992,0.08157204794248538,0.02306439720513181,0.06475588630725417,0.42907546541824293,0.0692419936125989,0.06682882071670046,0.0068220222345998375,0.046083736731413395
CCND1,0.027973541050019146,0.039682009120772264,0.192883479889807,-0.04752345444059118,0.02952579294667582,-0.040182742142016004,0.04310436838413826,-0.012382100577739126,-0.04550563983700753,0.15632508235985798,0.05638926505691963,0.02522511823338156,-0.05610523266911605,-0.06217994060999882,-0.04221632564843227,1.0,-0.15326877239952752,-0.04948525708481925,-0.04221501679473979,0.017324690152865127,-0.06921307920585908,-0.02345269100481766,-0.03729633204960549,0.023368177256717727,-0.012848980782228351,0.00893430858097903,0.08655138120413483,0.0709425429872616,0.014625735090346127,-0.07092965681781935,-0.01295194681794991,-0.10989065920089837,-0.03861765838792764,-0.023877043974050084,0.05540009021281741,-0.06545695159647905,0.1184976383186346,0.09681025103541548,-0.008682975844761727,-0.009656672489422783,0.04717875301359806,-0.00620769423952565,0.031015356179740532,0.11207003323289912,0.002978428800028393,0.00309106180611794,-0.041020919617598,-0.006988926364512759,-0.07731488017764938,-0.014890191849967198,-0.13154022796771636,-0.039691251079990976,-0.021786911728848533,-0.023224640912610367,-0.1262969712903639,-0.1137956845427071,0.0032879036336639776,0.11664469298612776,0.05408982135926017,-0.06470296406467886,0.10644701209315315,0.040680538055558324,-0.04240481345248442,-0.03584961767810917,-0.023998457482607746,0.03543936181148972,0.07092279181351346,-0.05108243799132209,-0.023469438873692103,0.029361599703112837,-0.10620630789413918,-0.11837181707581447,0.034774062883876425,-0.041753270032601826,0.014502868182495377,-0.09910367552470119,0.011716640224610407,0.08255980489432116,-0.048166770706690946,-0.10613864244035942,-0.09668383556418392,-0.02465963032067655,0.06643770787352213,0.021564461459715197,-0.0749517145520143,0.0454168780452979,-0.010849459405483741,-0.10420683558329343,0.04977818843320521,-0.02698203670802987,0.09789242840134962,0.11598005116069282,-0.10618679032596387,0.09496185440516176,-0.06947905101946587,0.05068333728646127,-0.007272009473460546,0.04633590421981131,-0.11856981770413565,-0.07230909249032755
H2AFX,-0.004093085482222666,0.04583158912106675,-0.09634041674597543,0.4896887374476088,0.13237853242550712,-0.056215076822070054,0.04438963489272828,-0.0004024493370719188,0.2938075152676592,0.025348719184815172,-0.14834116512967227,-0.016522811118908402,0.3697528328675326,-0.027250652435342516,0.11622274307860267,-0.15326877239952752,1.0,0.14410142324471564,0.480830012571965,0.38313230686770844,0.2357649274613499,0.01347227422459043,0.34146452477279204,0.14970848992339741,-0.01327362409134089,0.23995266712260246,-0.3664717670119846,0.07004111763854656,0.057733195558395435,0.06164251376581786,0.48703873952406174,0.32189080732673586,0.46609777263714014,0.26761383367507496,0.34907840519334304,0.298621145503821,-0.07314469564888278,0.015914971515030806,0.2195090384550884,0.29760850494323443,0.05240783422395422,-0.01000471588904319,-0.0742276616626417,-0.17884761061286486,0.08387429542582346,-0.09990087830599784,0.35083072745625227,0.2972463828185997,0.36356393636244816,-0.0008621466587690926,0.6279197956263632,0.2994425249673993,0.15941313781447006,0.4414309199093956,0.37058917570510125,0.18791335775862972,-0.04912427073158923,-0.052276923716806756,0.2327896142329023,0.30250693321858474,-0.250335024343884,0.3138566554820746,0.3429761076166805,0.4801840667031703,0.19021118527096467,-0.09259447636911658,0.043355333823347,0.37041594119897947,0.2703077717275997,0.22460685545176204,0.39579065096795196,0.151216791851151,-0.15786969833155265,0.2266589850647119,0.014173718807440382,0.40662200306100627,0.1710147341864737,-0.22203019322856385,-0.07926611914472931,0.41903453638793575,0.3901203321824082,-0.04520785365565161,0.28310225655131066,0.3851675384606622,-0.05999201468266845,0.26886644420062655,0.3658322810158014,0.34050414037016796,-0.010611689882648179,-0.08990382287516673,-0.11603655505899026,-0.03687051632835374,0.3216759617355598,-0.059586565045013855,0.4580354870804329,-0.06687261361755338,0.33492735041016625,-0.07477354070517045,0.3827725169937742,0.5254745363181588
SOX4,-0.20187227063751662,-0.10000803888888272,-0.20816772222385643,-0.05023365915398525,-0.01744116854053567,-0.19467156653529827,-0.026118404642185976,-0.12861920889424086,-0.010913104845882309,-0.16080202845644978,0.04479031094650105,-0.055936491458754456,-0.0826485729213865,-0.07395628373491188,0.0419870758667909,-0.04948525708481925,0.14410142324471564,1.0,0.07148564518917691,0.023100278459795412,0.1459832534893353,-0.17763395879853588,-0.11327261860990581,-0.09711091733103282,0.015886777000679156,-0.08829869161354227,-0.0007535204468667886,0.0463091866543431,-0.11500078046045702,0.13662908509604907,0.06085970083769092,0.02163988961631491,0.08303968246442266,-0.08916116108234728,-0.0742768004191506,-0.15219977967745482,-0.1346927004869638,-0.09154636585350526,-0.055715160279345755,0.042572803545502365,-0.1648630542383292,-0.01163757921837832,-0.12898011871721915,-0.004483137535662187,0.057846066543018916,0.09508405910048691,0.01415898715801844,-0.12476681047153339,-0.018540717469745005,-0.1529593113013389,0.10280990537048505,0.04405967911106602,0.0013663178222864424,-0.004035150437589736,0.03578469237011121,-0.10706282608793602,-0.1304211299655776,-0.1117881473774834,-0.15360656648486964,-0.08636540957992316,0.17507536201534504,-0.06872783994009492,-0.08914859982163822,0.011534748650632731,0.09841010738418124,-0.0886138241153423,-0.1464793810769075,0.01483673717272371,-0.053961414919703604,-0.019610452797244157,0.021434558370648844,0.0605622271571423,-0.18064990445212104,0.011765908559851816,0.020014393105455924,0.029964072614590307,-0.12175917331851514,-0.13277631526844527,0.06187269680615559,-0.05605821768082614,-0.008940495758313186,0.03530738748440858,-0.07555326286560751,0.005549204841131451,-0.07320619726932996,-0.0016353659381869866,0.033991883363145875,-0.07464092083840393,-0.06090983669108348,-0.12967912201864534,0.0015814951847042318,-0.12132652985331376,-0.0678936686913087,-0.027945173912180155,0.026024935517216442,-0.014196348522310002,-0.007761790378355214,-0.19726511933674326,0.08011138125317518,0.03288714838774356
TRIM28,0.0317761661226993,0.06312229540847954,-0.028669826258915062,0.4562024737503129,0.22864980514575142,-0.019466466272892086,0.18903071944985092,-0.01618311205672741,0.32845554282402245,0.17953956918409752,-0.08742313989256173,-0.043264498350160406,0.24961207672368685,-0.0015702263872300348,0.06653355574466191,-0.04221501679473979,0.480830012571965,0.07148564518917691,1.0,0.35104273134201847,0.23562678970506412,0.020890510852319116,0.20425561947281418,0.19384540298358743,-0.02704003389396983,0.25500665625235813,-0.3067930421004446,0.09328769161131048,0.11545708651048422,0.006254853078588367,0.5298255715070826,0.1535909522521755,0.3130043115913117,0.24427530574627165,0.373725569976572,0.29194071679404693,-0.027701114752965855,0.09644328662569196,0.17398677784822467,0.28517795632835014,0.07568768621862829,-0.004925075930688025,-0.0965028420634331,-0.07446757808978544,-0.027568270282119656,-0.04783858978932153,0.39335906033269064,0.2549386244439112,0.4035740721830165,0.15998989781222492,0.3819807070949117,0.3506806896190963,-0.007349039894782475,0.4254083258091896,0.2884305678496618,0.010975240233739691,0.019045064156455647,0.04330932926989663,0.3026750638149617,0.27218359423111854,-0.1197632713863696,0.29990371459304016,0.41694879573986476,0.47212847134751645,0.21922207028425267,-0.03920162241974502,0.03551735173064583,0.2617669602252567,0.2570121210383112,0.24344037282561173,0.24227987098324358,0.12489326640205259,-0.13005572819428132,0.2221315955172633,-0.04925620735741421,0.2630397441778446,0.19836753006389646,-0.1686740859127411,-0.15680507411673006,0.3209509612928283,0.28203421911106324,-0.08122878696056238,0.31256642473054447,0.4356372432431897,-0.04534317971794605,0.22538225315408086,0.3863150285985391,0.17994261441167458,-0.0907485382182739,-0.18192770781123305,0.04088271884621569,0.03435968933375469,0.17502347180970948,-0.07651647507085622,0.37778298543909067,-0.09291185058220448,0.240123207116838,0.009049015730758544,0.35624124020940395,0.4804688603341776
